    119082          0          1   0.418411   0.589971
     58060          0          1   0.374026   0.544424
     42049          0          1   0.216663    0.35616
     24077          0          1   0.382258   0.553092
     78004          0          1   0.289124   0.448559
     45096          0          1   0.214804   0.353644
     38092          0          1   0.310743   0.474148
     43074          0          1   0.205491   0.340925
     16077          0          1   0.265439    0.41952
     86000          0          1   0.308236   0.471224
    101085          0          1   0.295659   0.456384
     89072          0          1    0.28722   0.446264
    126007          0          1   0.263807   0.417479
     76053          0          1   0.384732   0.555677
     86016          0          1   0.363236   0.532903
    103070          0          1   0.337394   0.504555
      8023          0          1   0.108911   0.196429
     41033          0          1   0.172013   0.293534
    109053          0          1   0.253826   0.404882
    130026          0          1   0.181029   0.306561
    108082          0          1   0.150167   0.261123
     69040          0          1   0.319512   0.484288
     14037          0          1   0.235879   0.381719
     54082          0          1   0.406617   0.578148
     62096          0          1   0.176767   0.300428
     12084          0          1   0.223412   0.365227
     69015          0          1    0.48887   0.656699
     97033          0          1   0.273534   0.429567
     19021          0          1    0.32957   0.495755
     86068          0          1   0.164811   0.282983
      3096          0          1   0.173626   0.295879
     41069          0          1   0.171113   0.292223
     21077          0          1   0.256164   0.407851
    108070          0          1   0.230724    0.37494
    123074          0          1   0.176689   0.300316
     38082          0          1   0.393948   0.565226
     33039          0          1   0.331079    0.49746
    108005          0          1   0.282356    0.44037
    106024          0          1   0.193017   0.323578
    102061          0          1   0.168956   0.289072
     37073          0          1   0.339259   0.506637
     65033          0          1   0.361785    0.53134
     55073          0          1   0.364376   0.534128
     66053          0          1   0.298178   0.459379
     85048          0          1   0.354609   0.523559
     42012          0          1   0.391539   0.562742
     87046          0          1   0.317058   0.481463
    105025          0          1   0.223995   0.366006
    101087          0          1   0.296598   0.457502
     69020          0          1   0.242084   0.389803
